2 0.5890625 0.6109375 0.57734375 0.66171875
1 0.625 0.63671875 0.4 0.62265625
3 0.4171875 0.4484375 0.071875 0.1015625
3 0.403125 0.590625 0.18828125 0.0640625
3 0.50703125 0.7078125 0.0796875 0.1171875
3 0.721875 0.39140625 0.1265625 0.221875
3 0.775 0.5609375 0.1921875 0.07265625
3 0.6171875 0.359375 0.053125 0.07421875
0 0.5046875 0.290625 0.03828125 0.08046875
0 0.40703125 0.375 0.1140625 0.040625
2 0.40859375 0.20625 0.75390625 0.4046875
1 0.40625 0.18515625 0.53671875 0.2734375
0 0.684375 0.17890625 0.08203125 0.08203125
0 0.71875 0.11953125 0.13515625 0.10390625
5 0.2390625 0.07734375 0.43203125 0.10703125
5 0.2390625 0.0296875 0.41953125 0.05859375
3 0.30234375 0.3296875 0.13046875 0.1578125
3 0.4328125 0.275 0.07578125 0.13671875
3 0.4984375 0.290625 0.09921875 0.07421875
4 0.63203125 0.2515625 0.07265625 0.07421875
