2 0.784375 0.50390625 0.384375 0.5296875
1 0.81484375 0.446875 0.2890625 0.35703125
0 0.63359375 0.34375 0.08046875 0.03828125
5 0.88671875 0.315625 0.171875 0.1390625
3 0.80703125 0.609375 0.11171875 0.30703125
3 0.73671875 0.50703125 0.07265625 0.11875
4 0.6890625 0.44453125 0.02734375 0.10859375
2 0.26171875 0.52578125 0.40625 0.62109375
1 0.26796875 0.5234375 0.31484375 0.61875
5 0.3375 0.5828125 0.20234375 0.45625
5 0.40078125 0.55546875 0.1265625 0.34453125
3 0.23125 0.7046875 0.09765625 0.18125
4 0.1265625 0.36171875 0.02734375 0.103125
