4 0.67109375 0.36015625 0.0484375 0.0578125
0 0.62890625 0.2984375 0.08046875 0.07265625
0 0.7390625 0.19375 0.09765625 0.27890625
2 0.4765625 0.4921875 0.61875 0.87734375
1 0.5 0.54375 0.39453125 0.4796875
3 0.34140625 0.70546875 0.27109375 0.365625
3 0.478125 0.74609375 0.14609375 0.35546875
3 0.51640625 0.74765625 0.071875 0.1609375
3 0.590625 0.68828125 0.04921875 0.33828125
3 0.68515625 0.67734375 0.0875 0.34609375
3 0.72421875 0.70234375 0.1296875 0.3265625
5 0.35625 0.50390625 0.36875 0.26953125
