2 0.4859375 0.42890625 0.6890625 0.6421875
1 0.53671875 0.49296875 0.47578125 0.47890625
3 0.50859375 0.24609375 0.23359375 0.18984375
3 0.603125 0.34921875 0.175 0.1921875
3 0.70859375 0.50390625 0.2046875 0.06640625
3 0.653125 0.56015625 0.25625 0.05625
3 0.59609375 0.3609375 0.15 0.140625
4 0.3453125 0.2625 0.025 0.02265625
0 0.2296875 0.24765625 0.14609375 0.07421875
5 0.60859375 0.578125 0.271875 0.31171875
2 0.41015625 0.66875 0.55625 0.36640625
1 0.43046875 0.703125 0.49296875 0.2609375
5 0.5296875 0.75703125 0.26015625 0.1765625
3 0.31796875 0.584375 0.14453125 0.0921875
3 0.44609375 0.53046875 0.065625 0.22109375
3 0.45390625 0.553125 0.0890625 0.171875
3 0.5203125 0.65859375 0.17421875 0.071875
3 0.625 0.70234375 0.234375 0.096875
0 0.18046875 0.52421875 0.02734375 0.08046875
0 0.15390625 0.5265625 0.04765625 0.059375
4 0.2390625 0.5828125 0.0234375 0.0203125
