2 0.5171875 0.46484375 0.965625 0.9296875
1 0.41015625 0.43671875 0.70234375 0.5078125
5 0.43984375 0.42890625 0.33984375 0.24765625
5 0.5375 0.3171875 0.25390625 0.23203125
3 0.6125 0.35390625 0.09375 0.2578125
3 0.76640625 0.34296875 0.134375 0.25234375
3 0.77734375 0.66015625 0.26171875 0.26015625
3 0.83671875 0.575 0.321875 0.09921875
3 0.57109375 0.68828125 0.1203125 0.28671875
3 0.4390625 0.753125 0.23984375 0.35390625
0 0.82734375 0.09609375 0.2375 0.184375
0 0.6109375 0.09296875 0.1171875 0.18515625
4 0.68359375 0.25859375 0.0546875 0.0328125
