2 0.41171875 0.509375 0.70078125 0.78984375
1 0.3578125 0.58515625 0.49765625 0.36953125
5 0.28828125 0.646875 0.34921875 0.23515625
3 0.496875 0.73203125 0.18203125 0.24296875
3 0.4375 0.671875 0.03203125 0.125
3 0.3453125 0.771875 0.1125 0.2421875
3 0.18828125 0.6875 0.2078125 0.203125
3 0.5734375 0.61484375 0.1359375 0.27265625
3 0.621875 0.60625 0.178125 0.253125
4 0.6015625 0.45078125 0.01328125 0.02109375
0 0.67890625 0.27890625 0.16484375 0.25546875
0 0.61796875 0.25703125 0.0546875 0.296875
