2 0.471875 0.50703125 0.66328125 0.69765625
2 0.440625 0.596875 0.55234375 0.509375
1 0.615625 0.46640625 0.14375 0.44609375
1 0.57578125 0.6265625 0.14609375 0.44140625
4 0.5984375 0.26015625 0.025 0.028125
4 0.56171875 0.41640625 0.02265625 0.01953125
0 0.49140625 0.20390625 0.08203125 0.0890625
0 0.3453125 0.39765625 0.38515625 0.02109375
3 0.67109375 0.28828125 0.20625 0.178125
3 0.671875 0.28046875 0.171875 0.165625
3 0.68203125 0.4359375 0.0671875 0.08359375
3 0.5984375 0.48671875 0.12109375 0.11171875
3 0.63125 0.553125 0.0671875 0.0625
3 0.5171875 0.590625 0.11796875 0.0453125
3 0.64765625 0.66484375 0.17578125 0.1265625
5 0.6359375 0.5375 0.1078125 0.21875
5 0.59375 0.70234375 0.12734375 0.28359375
